6.294000000000000000e+03
1.452000000000000000e+03
7.950000000000000000e+02
2.081400000000000000e+04
1.844500000000000000e+04
8.424000000000000000e+03
7.566000000000000000e+03
9.901000000000000000e+03
1.677200000000000000e+04
1.702600000000000000e+04
7.862000000000000000e+03
9.435000000000000000e+03
1.516100000000000000e+04
9.673000000000000000e+03
2.867000000000000000e+03
1.832100000000000000e+04
4.186000000000000000e+03
1.281800000000000000e+04
1.786000000000000000e+03
2.058400000000000000e+04
3.544000000000000000e+03
2.254500000000000000e+04
2.137500000000000000e+04
2.012500000000000000e+04
1.722500000000000000e+04
1.940600000000000000e+04
1.670000000000000000e+03
1.930100000000000000e+04
1.209800000000000000e+04
2.327800000000000000e+04
2.049000000000000000e+04
9.560000000000000000e+03
1.953900000000000000e+04
1.871000000000000000e+04
2.313000000000000000e+03
1.815000000000000000e+03
2.159000000000000000e+04
1.585400000000000000e+04
1.755400000000000000e+04
1.446200000000000000e+04
1.626000000000000000e+04
1.581600000000000000e+04
6.713000000000000000e+03
2.275900000000000000e+04
2.305000000000000000e+04
2.571000000000000000e+03
9.990000000000000000e+03
2.473000000000000000e+03
2.215100000000000000e+04
1.844400000000000000e+04
2.186300000000000000e+04
1.999000000000000000e+04
1.921400000000000000e+04
9.792000000000000000e+03
1.859900000000000000e+04
1.035300000000000000e+04
1.920200000000000000e+04
1.666800000000000000e+04
3.407000000000000000e+03
1.982100000000000000e+04
2.246800000000000000e+04
1.807500000000000000e+04
1.657400000000000000e+04
8.537000000000000000e+03
6.673000000000000000e+03
1.003000000000000000e+04
1.105500000000000000e+04
4.989000000000000000e+03
2.241300000000000000e+04
3.226000000000000000e+03
3.527000000000000000e+03
2.107600000000000000e+04
2.771000000000000000e+03
4.400000000000000000e+02
2.238600000000000000e+04
2.137700000000000000e+04
2.753000000000000000e+03
7.727000000000000000e+03
5.286000000000000000e+03
2.400000000000000000e+03
8.567000000000000000e+03
1.890000000000000000e+04
2.225000000000000000e+04
1.454000000000000000e+04
1.320300000000000000e+04
3.181000000000000000e+03
4.066000000000000000e+03
1.823700000000000000e+04
1.764000000000000000e+03
2.725000000000000000e+03
1.084400000000000000e+04
1.446100000000000000e+04
1.683000000000000000e+04
1.522400000000000000e+04
4.765000000000000000e+03
2.212600000000000000e+04
1.832000000000000000e+03
6.094000000000000000e+03
1.684000000000000000e+03
1.582100000000000000e+04
9.285000000000000000e+03
1.788000000000000000e+03
1.772500000000000000e+04
1.938400000000000000e+04
1.632000000000000000e+03
8.328000000000000000e+03
4.352000000000000000e+03
1.382000000000000000e+04
2.305400000000000000e+04
1.122300000000000000e+04
2.089000000000000000e+04
3.962000000000000000e+03
8.390000000000000000e+02
1.205200000000000000e+04
1.686400000000000000e+04
5.961000000000000000e+03
5.278000000000000000e+03
2.289500000000000000e+04
4.300000000000000000e+01
4.536000000000000000e+03
1.877000000000000000e+03
2.106600000000000000e+04
9.978000000000000000e+03
1.771200000000000000e+04
1.441800000000000000e+04
2.312100000000000000e+04
1.486000000000000000e+04
1.471800000000000000e+04
4.038000000000000000e+03
4.249000000000000000e+03
1.949400000000000000e+04
2.036100000000000000e+04
8.039000000000000000e+03
6.244000000000000000e+03
3.963000000000000000e+03
5.945000000000000000e+03
1.559500000000000000e+04
4.149000000000000000e+03
7.911000000000000000e+03
2.313900000000000000e+04
1.218000000000000000e+04
1.231100000000000000e+04
2.312700000000000000e+04
2.039100000000000000e+04
1.171100000000000000e+04
8.651000000000000000e+03
1.840000000000000000e+03
3.395000000000000000e+03
2.007000000000000000e+03
1.521700000000000000e+04
2.286400000000000000e+04
1.047400000000000000e+04
1.737100000000000000e+04
1.750000000000000000e+02
1.687000000000000000e+04
5.128000000000000000e+03
1.743500000000000000e+04
2.157200000000000000e+04
6.837000000000000000e+03
1.619000000000000000e+04
2.048400000000000000e+04
1.224600000000000000e+04
9.932000000000000000e+03
1.951300000000000000e+04
1.179100000000000000e+04
4.735000000000000000e+03
1.919700000000000000e+04
2.230800000000000000e+04
1.312700000000000000e+04
9.829000000000000000e+03
9.343000000000000000e+03
1.810000000000000000e+03
2.042900000000000000e+04
8.794000000000000000e+03
1.739000000000000000e+04
3.103000000000000000e+03
1.948800000000000000e+04
6.560000000000000000e+03
2.028400000000000000e+04
2.158000000000000000e+03
2.208200000000000000e+04
7.386000000000000000e+03
1.602100000000000000e+04
1.588300000000000000e+04
1.019100000000000000e+04
1.860200000000000000e+04
1.811600000000000000e+04
1.870900000000000000e+04
2.288200000000000000e+04
2.245200000000000000e+04
5.918000000000000000e+03
9.000000000000000000e+00
1.996300000000000000e+04
1.108600000000000000e+04
1.176400000000000000e+04
1.590200000000000000e+04
1.801800000000000000e+04
5.911000000000000000e+03
1.425300000000000000e+04
1.751600000000000000e+04
4.488000000000000000e+03
5.901000000000000000e+03
1.906200000000000000e+04
7.479000000000000000e+03
1.443200000000000000e+04
1.986100000000000000e+04
4.843000000000000000e+03
1.455700000000000000e+04
3.114000000000000000e+03
1.485200000000000000e+04
1.343500000000000000e+04
1.855800000000000000e+04
1.086700000000000000e+04
6.524000000000000000e+03
9.626000000000000000e+03
2.111900000000000000e+04
1.975700000000000000e+04
1.112400000000000000e+04
1.373300000000000000e+04
5.388000000000000000e+03
1.322700000000000000e+04
1.662000000000000000e+04
1.231000000000000000e+03
5.544000000000000000e+03
1.564600000000000000e+04
2.392000000000000000e+03
1.183900000000000000e+04
7.248000000000000000e+03
9.063000000000000000e+03
1.599800000000000000e+04
1.012700000000000000e+04
5.104000000000000000e+03
2.181600000000000000e+04
2.201200000000000000e+04
7.490000000000000000e+03
9.712000000000000000e+03
1.477700000000000000e+04
1.881300000000000000e+04
2.080000000000000000e+03
1.666500000000000000e+04
2.007900000000000000e+04
2.135900000000000000e+04
1.621000000000000000e+04
2.256600000000000000e+04
9.569000000000000000e+03
8.863000000000000000e+03
1.727100000000000000e+04
9.954000000000000000e+03
6.150000000000000000e+03
2.229300000000000000e+04
1.502000000000000000e+04
2.950000000000000000e+03
1.326300000000000000e+04
2.266600000000000000e+04
9.510000000000000000e+03
1.188000000000000000e+04
5.880000000000000000e+02
2.118200000000000000e+04
1.708100000000000000e+04
1.922200000000000000e+04
6.073000000000000000e+03
1.717300000000000000e+04
5.999000000000000000e+03
1.066400000000000000e+04
5.068000000000000000e+03
2.074000000000000000e+03
2.285000000000000000e+04
1.152700000000000000e+04
1.648600000000000000e+04
1.987200000000000000e+04
1.873800000000000000e+04
1.573100000000000000e+04
8.190000000000000000e+03
1.152800000000000000e+04
1.130100000000000000e+04
1.588200000000000000e+04
7.209000000000000000e+03
7.882000000000000000e+03
4.171000000000000000e+03
2.108100000000000000e+04
1.479000000000000000e+04
2.165400000000000000e+04
1.590000000000000000e+02
1.120800000000000000e+04
6.306000000000000000e+03
2.198700000000000000e+04
1.847200000000000000e+04
6.800000000000000000e+03
2.157700000000000000e+04
1.041800000000000000e+04
2.174400000000000000e+04
1.774500000000000000e+04
3.537000000000000000e+03
1.899300000000000000e+04
1.306600000000000000e+04
1.399900000000000000e+04
1.560100000000000000e+04
1.105400000000000000e+04
8.298000000000000000e+03
2.975000000000000000e+03
4.109000000000000000e+03
9.603000000000000000e+03
1.770400000000000000e+04
2.099100000000000000e+04
6.080000000000000000e+03
3.949000000000000000e+03
1.768800000000000000e+04
1.805100000000000000e+04
9.719000000000000000e+03
2.097300000000000000e+04
8.944000000000000000e+03
1.793800000000000000e+04
1.493600000000000000e+04
2.686000000000000000e+03
1.039100000000000000e+04
1.695000000000000000e+03
2.134700000000000000e+04
1.883700000000000000e+04
1.687000000000000000e+03
2.836000000000000000e+03
7.010000000000000000e+03
1.225500000000000000e+04
1.640200000000000000e+04
7.708000000000000000e+03
2.428000000000000000e+03
1.490000000000000000e+03
2.031400000000000000e+04
2.096800000000000000e+04
6.627000000000000000e+03
3.503000000000000000e+03
8.870000000000000000e+03
1.338800000000000000e+04
8.104000000000000000e+03
1.159500000000000000e+04
1.708800000000000000e+04
2.223700000000000000e+04
9.767000000000000000e+03
6.668000000000000000e+03
4.151000000000000000e+03
1.034500000000000000e+04
7.347000000000000000e+03
1.526000000000000000e+03
1.314000000000000000e+04
5.929000000000000000e+03
4.516000000000000000e+03
6.720000000000000000e+02
1.709800000000000000e+04
9.050000000000000000e+03
1.886700000000000000e+04
1.218600000000000000e+04
9.011000000000000000e+03
9.330000000000000000e+03
2.326000000000000000e+03
1.482800000000000000e+04
1.628100000000000000e+04
1.556400000000000000e+04
2.308200000000000000e+04
2.166500000000000000e+04
1.395000000000000000e+04
1.268400000000000000e+04
3.102000000000000000e+03
1.237500000000000000e+04
2.155000000000000000e+03
2.584000000000000000e+03
6.720000000000000000e+03
1.916000000000000000e+04
1.647500000000000000e+04
2.143000000000000000e+03
3.668000000000000000e+03
1.040000000000000000e+03
1.271600000000000000e+04
1.053000000000000000e+04
1.008000000000000000e+03
8.235000000000000000e+03
8.687000000000000000e+03
9.878000000000000000e+03
1.339900000000000000e+04
1.993000000000000000e+03
1.376500000000000000e+04
2.092900000000000000e+04
2.465000000000000000e+03
1.508900000000000000e+04
1.123200000000000000e+04
5.728000000000000000e+03
2.083700000000000000e+04
8.000000000000000000e+02
2.052800000000000000e+04
1.221700000000000000e+04
1.512700000000000000e+04
9.800000000000000000e+01
1.523100000000000000e+04
2.185500000000000000e+04
1.738400000000000000e+04
2.218600000000000000e+04
7.278000000000000000e+03
1.452800000000000000e+04
3.732000000000000000e+03
1.616900000000000000e+04
1.037500000000000000e+04
5.153000000000000000e+03
1.756700000000000000e+04
1.994100000000000000e+04
2.481000000000000000e+03
3.131000000000000000e+03
3.249000000000000000e+03
2.301000000000000000e+04
1.594600000000000000e+04
8.701000000000000000e+03
2.218400000000000000e+04
3.712000000000000000e+03
4.020000000000000000e+02
1.874900000000000000e+04
5.359000000000000000e+03
1.580900000000000000e+04
4.375000000000000000e+03
1.567600000000000000e+04
9.008000000000000000e+03
5.689000000000000000e+03
1.155600000000000000e+04
9.500000000000000000e+03
1.036300000000000000e+04
1.510000000000000000e+04
6.333000000000000000e+03
1.125700000000000000e+04
5.281000000000000000e+03
2.101300000000000000e+04
6.958000000000000000e+03
9.046000000000000000e+03
1.097300000000000000e+04
6.924000000000000000e+03
5.600000000000000000e+01
3.592000000000000000e+03
2.251000000000000000e+04
1.021900000000000000e+04
1.885200000000000000e+04
6.691000000000000000e+03
1.139600000000000000e+04
1.870600000000000000e+04
2.224700000000000000e+04
1.903300000000000000e+04
2.165000000000000000e+04
7.210000000000000000e+03
1.616000000000000000e+04
2.424000000000000000e+03
1.220500000000000000e+04
5.849000000000000000e+03
1.007500000000000000e+04
6.549000000000000000e+03
2.200800000000000000e+04
1.462300000000000000e+04
1.851900000000000000e+04
7.803000000000000000e+03
1.877500000000000000e+04
1.287100000000000000e+04
1.862800000000000000e+04
2.084700000000000000e+04
1.482200000000000000e+04
6.042000000000000000e+03
7.230000000000000000e+02
4.180000000000000000e+03
1.269000000000000000e+03
1.777300000000000000e+04
1.312200000000000000e+04
7.853000000000000000e+03
7.006000000000000000e+03
1.777700000000000000e+04
5.818000000000000000e+03
7.106000000000000000e+03
1.412200000000000000e+04
1.008100000000000000e+04
5.050000000000000000e+02
1.245700000000000000e+04
1.682000000000000000e+03
2.672000000000000000e+03
5.540000000000000000e+02
1.526900000000000000e+04
3.575000000000000000e+03
2.998000000000000000e+03
1.362200000000000000e+04
6.978000000000000000e+03
2.347800000000000000e+04
1.193400000000000000e+04
3.702000000000000000e+03
1.445600000000000000e+04
5.964000000000000000e+03
2.348000000000000000e+03
5.270000000000000000e+02
1.160800000000000000e+04
8.403000000000000000e+03
1.392000000000000000e+03
1.134100000000000000e+04
1.142900000000000000e+04
1.499000000000000000e+04
2.719000000000000000e+03
1.543400000000000000e+04
1.205900000000000000e+04
1.518700000000000000e+04
1.898500000000000000e+04
1.635200000000000000e+04
2.242700000000000000e+04
2.330400000000000000e+04
1.220000000000000000e+02
1.742900000000000000e+04
1.827900000000000000e+04
2.079900000000000000e+04
1.663900000000000000e+04
1.150100000000000000e+04
1.850400000000000000e+04
1.346400000000000000e+04
2.205800000000000000e+04
1.090700000000000000e+04
1.653400000000000000e+04
3.877000000000000000e+03
1.951800000000000000e+04
1.130300000000000000e+04
8.362000000000000000e+03
1.786400000000000000e+04
7.381000000000000000e+03
7.925000000000000000e+03
1.243900000000000000e+04
7.382000000000000000e+03
5.887000000000000000e+03
6.196000000000000000e+03
1.465200000000000000e+04
1.567400000000000000e+04
1.145900000000000000e+04
2.558000000000000000e+03
1.053700000000000000e+04
9.391000000000000000e+03
4.568000000000000000e+03
2.230100000000000000e+04
2.142900000000000000e+04
5.554000000000000000e+03
1.286400000000000000e+04
1.240300000000000000e+04
2.323400000000000000e+04
9.328000000000000000e+03
1.254300000000000000e+04
1.085000000000000000e+04
1.067900000000000000e+04
1.358100000000000000e+04
2.341300000000000000e+04
8.838000000000000000e+03
1.731000000000000000e+04
1.947400000000000000e+04
1.733400000000000000e+04
9.154000000000000000e+03
1.423300000000000000e+04
9.007000000000000000e+03
2.176500000000000000e+04
1.999000000000000000e+03
1.488700000000000000e+04
1.268800000000000000e+04
1.511700000000000000e+04
1.015400000000000000e+04
7.355000000000000000e+03
2.319700000000000000e+04
1.269800000000000000e+04
2.246000000000000000e+03
2.125900000000000000e+04
9.590000000000000000e+03
1.157900000000000000e+04
1.083700000000000000e+04
2.014500000000000000e+04
2.340400000000000000e+04
1.783000000000000000e+04
6.784000000000000000e+03
1.593000000000000000e+04
7.670000000000000000e+03
1.994000000000000000e+03
1.002400000000000000e+04
1.415600000000000000e+04
1.184500000000000000e+04
6.835000000000000000e+03
4.737000000000000000e+03
2.098000000000000000e+04
5.213000000000000000e+03
2.597000000000000000e+03
2.078900000000000000e+04
1.757600000000000000e+04
1.381300000000000000e+04
1.594200000000000000e+04
5.880000000000000000e+03
2.112200000000000000e+04
8.069000000000000000e+03
2.318300000000000000e+04
7.620000000000000000e+02
1.694200000000000000e+04
1.116800000000000000e+04
5.288000000000000000e+03
7.274000000000000000e+03
1.631700000000000000e+04
8.415000000000000000e+03
1.460300000000000000e+04
2.279600000000000000e+04
1.366800000000000000e+04
1.944500000000000000e+04
6.529000000000000000e+03
2.612000000000000000e+03
2.417000000000000000e+03
9.243000000000000000e+03
1.928300000000000000e+04
8.640000000000000000e+03
1.008800000000000000e+04
1.218400000000000000e+04
3.461000000000000000e+03
3.092000000000000000e+03
1.455300000000000000e+04
1.309400000000000000e+04
1.930400000000000000e+04
1.587400000000000000e+04
1.462200000000000000e+04
1.887800000000000000e+04
1.605100000000000000e+04
1.289200000000000000e+04
2.219000000000000000e+03
1.941000000000000000e+04
7.569000000000000000e+03
9.135000000000000000e+03
1.904000000000000000e+03
6.864000000000000000e+03
1.153000000000000000e+03
1.589200000000000000e+04
2.280500000000000000e+04
2.150000000000000000e+02
1.904700000000000000e+04
2.380000000000000000e+02
8.490000000000000000e+03
1.428800000000000000e+04
9.409000000000000000e+03
8.716000000000000000e+03
2.065500000000000000e+04
1.553700000000000000e+04
9.291000000000000000e+03
8.969000000000000000e+03
2.338100000000000000e+04
4.747000000000000000e+03
2.255800000000000000e+04
5.298000000000000000e+03
1.787500000000000000e+04
2.205200000000000000e+04
7.146000000000000000e+03
8.340000000000000000e+03
2.217600000000000000e+04
3.160000000000000000e+03
1.249600000000000000e+04
3.600000000000000000e+01
7.157000000000000000e+03
1.484700000000000000e+04
7.894000000000000000e+03
9.900000000000000000e+02
2.249900000000000000e+04
2.261100000000000000e+04
5.870000000000000000e+03
2.284700000000000000e+04
2.206700000000000000e+04
2.264700000000000000e+04
9.339000000000000000e+03
1.927200000000000000e+04
3.683000000000000000e+03
8.790000000000000000e+02
1.236400000000000000e+04
2.271500000000000000e+04
2.052000000000000000e+03
1.075600000000000000e+04
1.613200000000000000e+04
1.382000000000000000e+03
2.033700000000000000e+04
1.481800000000000000e+04
1.951400000000000000e+04
1.850300000000000000e+04
1.121600000000000000e+04
1.495200000000000000e+04
1.508100000000000000e+04
1.116900000000000000e+04
1.804700000000000000e+04
1.096900000000000000e+04
3.100000000000000000e+01
1.429700000000000000e+04
1.839100000000000000e+04
1.426400000000000000e+04
1.355400000000000000e+04
7.782000000000000000e+03
1.038000000000000000e+03
6.220000000000000000e+03
3.562000000000000000e+03
9.761000000000000000e+03
8.122000000000000000e+03
4.636000000000000000e+03
4.923000000000000000e+03
1.729300000000000000e+04
1.245000000000000000e+03
4.173000000000000000e+03
3.209000000000000000e+03
1.872200000000000000e+04
2.135000000000000000e+04
9.758000000000000000e+03
1.467600000000000000e+04
1.262000000000000000e+04
1.045400000000000000e+04
1.278700000000000000e+04
4.428000000000000000e+03
1.076600000000000000e+04
1.274000000000000000e+03
1.752000000000000000e+04
2.179900000000000000e+04
2.099600000000000000e+04
1.322600000000000000e+04
7.879000000000000000e+03
8.392000000000000000e+03
2.873000000000000000e+03
1.762300000000000000e+04
1.030900000000000000e+04
9.892000000000000000e+03
7.897000000000000000e+03
1.361800000000000000e+04
1.283400000000000000e+04
1.969000000000000000e+04
1.064500000000000000e+04
1.660600000000000000e+04
1.391000000000000000e+04
8.346000000000000000e+03
3.104000000000000000e+03
1.445000000000000000e+04
1.459300000000000000e+04
3.498000000000000000e+03
1.342500000000000000e+04
1.447400000000000000e+04
1.111500000000000000e+04
1.128300000000000000e+04
2.195000000000000000e+04
2.256300000000000000e+04
2.376000000000000000e+03
9.554000000000000000e+03
1.703900000000000000e+04
1.244000000000000000e+03
4.650000000000000000e+02
5.997000000000000000e+03
9.269000000000000000e+03
1.098200000000000000e+04
1.199100000000000000e+04
1.113400000000000000e+04
7.507000000000000000e+03
6.498000000000000000e+03
8.281000000000000000e+03
2.326500000000000000e+04
6.849000000000000000e+03
1.472500000000000000e+04
1.503200000000000000e+04
2.087000000000000000e+04
1.001100000000000000e+04
1.213500000000000000e+04
1.919600000000000000e+04
7.207000000000000000e+03
9.366000000000000000e+03
2.127500000000000000e+04
5.983000000000000000e+03
8.480000000000000000e+02
2.250000000000000000e+03
1.827000000000000000e+03
1.882100000000000000e+04
8.441000000000000000e+03
2.024800000000000000e+04
2.893000000000000000e+03
1.843300000000000000e+04
1.989800000000000000e+04
8.167000000000000000e+03
2.159200000000000000e+04
2.099000000000000000e+03
9.382000000000000000e+03
1.489600000000000000e+04
7.752000000000000000e+03
1.677600000000000000e+04
1.023000000000000000e+03
1.343700000000000000e+04
1.335600000000000000e+04
9.062000000000000000e+03
2.170500000000000000e+04
8.148000000000000000e+03
1.847800000000000000e+04
8.226000000000000000e+03
2.897000000000000000e+03
2.149000000000000000e+03
1.490500000000000000e+04
7.599000000000000000e+03
2.728000000000000000e+03
1.853900000000000000e+04
2.102200000000000000e+04
2.311900000000000000e+04
1.439000000000000000e+04
1.407700000000000000e+04
8.037000000000000000e+03
2.218700000000000000e+04
1.230600000000000000e+04
3.579000000000000000e+03
6.069000000000000000e+03
9.785000000000000000e+03
1.662700000000000000e+04
5.446000000000000000e+03
5.367000000000000000e+03
1.247300000000000000e+04
9.059000000000000000e+03
1.166400000000000000e+04
1.965200000000000000e+04
1.182500000000000000e+04
9.960000000000000000e+02
2.284100000000000000e+04
9.210000000000000000e+02
1.461200000000000000e+04
1.450000000000000000e+02
1.201100000000000000e+04
1.104700000000000000e+04
1.894300000000000000e+04
1.373700000000000000e+04
1.600500000000000000e+04
7.585000000000000000e+03
6.437000000000000000e+03
1.474700000000000000e+04
1.888400000000000000e+04
2.139100000000000000e+04
1.165100000000000000e+04
2.198100000000000000e+04
1.614900000000000000e+04
1.458500000000000000e+04
1.926300000000000000e+04
1.621600000000000000e+04
1.182000000000000000e+03
5.499000000000000000e+03
1.061300000000000000e+04
2.013600000000000000e+04
1.241700000000000000e+04
1.527600000000000000e+04
1.083200000000000000e+04
7.322000000000000000e+03
1.932200000000000000e+04
7.970000000000000000e+02
2.120900000000000000e+04
1.517900000000000000e+04
1.622500000000000000e+04
1.317700000000000000e+04
9.090000000000000000e+03
1.891100000000000000e+04
3.940000000000000000e+03
4.489000000000000000e+03
7.419000000000000000e+03
8.936000000000000000e+03
1.440300000000000000e+04
8.445000000000000000e+03
4.601000000000000000e+03
7.826000000000000000e+03
1.970900000000000000e+04
1.854800000000000000e+04
1.650500000000000000e+04
6.105000000000000000e+03
4.164000000000000000e+03
9.722000000000000000e+03
2.196900000000000000e+04
1.980200000000000000e+04
6.376000000000000000e+03
1.709600000000000000e+04
8.344000000000000000e+03
1.105600000000000000e+04
1.914700000000000000e+04
1.566300000000000000e+04
1.802000000000000000e+04
1.274300000000000000e+04
4.833000000000000000e+03
1.555000000000000000e+03
5.596000000000000000e+03
1.784300000000000000e+04
2.222100000000000000e+04
2.031500000000000000e+04
2.093600000000000000e+04
3.662000000000000000e+03
1.761400000000000000e+04
1.302200000000000000e+04
1.619500000000000000e+04
1.268200000000000000e+04
2.077900000000000000e+04
2.003100000000000000e+04
5.609000000000000000e+03
6.104000000000000000e+03
5.227000000000000000e+03
1.394000000000000000e+03
2.257200000000000000e+04
2.129600000000000000e+04
9.680000000000000000e+02
1.344000000000000000e+04
3.072000000000000000e+03
1.993200000000000000e+04
9.495000000000000000e+03
1.331100000000000000e+04
2.166900000000000000e+04
2.156300000000000000e+04
2.188400000000000000e+04
1.541500000000000000e+04
2.326100000000000000e+04
5.856000000000000000e+03
2.620000000000000000e+03
2.184100000000000000e+04
1.112900000000000000e+04
1.347100000000000000e+04
5.742000000000000000e+03
2.084600000000000000e+04
1.242200000000000000e+04
1.402100000000000000e+04
7.973000000000000000e+03
2.346200000000000000e+04
2.069000000000000000e+04
2.042400000000000000e+04
9.431000000000000000e+03
1.424700000000000000e+04
2.326900000000000000e+04
1.580000000000000000e+04
1.788500000000000000e+04
1.093600000000000000e+04
2.294000000000000000e+04
4.248000000000000000e+03
7.943000000000000000e+03
1.451700000000000000e+04
3.602000000000000000e+03
1.506900000000000000e+04
9.070000000000000000e+02
1.779100000000000000e+04
1.864500000000000000e+04
8.349000000000000000e+03
1.128900000000000000e+04
2.337100000000000000e+04
1.957900000000000000e+04
2.233300000000000000e+04
1.201300000000000000e+04
5.962000000000000000e+03
1.040200000000000000e+04
2.202300000000000000e+04
1.805200000000000000e+04
1.895600000000000000e+04
1.030000000000000000e+04
1.200000000000000000e+03
1.763900000000000000e+04
2.228400000000000000e+04
3.336000000000000000e+03
1.068000000000000000e+04
1.049300000000000000e+04
5.482000000000000000e+03
2.328700000000000000e+04
2.748000000000000000e+03
5.634000000000000000e+03
2.190100000000000000e+04
1.219100000000000000e+04
1.591900000000000000e+04
1.738200000000000000e+04
6.243000000000000000e+03
1.237300000000000000e+04
2.119200000000000000e+04
7.187000000000000000e+03
3.878000000000000000e+03
2.150500000000000000e+04
1.732000000000000000e+03
2.085300000000000000e+04
1.773500000000000000e+04
3.292000000000000000e+03
5.346000000000000000e+03
2.235000000000000000e+04
2.102500000000000000e+04
2.328900000000000000e+04
1.463600000000000000e+04
6.986000000000000000e+03
1.711300000000000000e+04
3.216000000000000000e+03
1.047000000000000000e+04
1.521800000000000000e+04
1.461400000000000000e+04
1.733500000000000000e+04
9.945000000000000000e+03
9.229000000000000000e+03
1.371900000000000000e+04
4.146000000000000000e+03
2.076800000000000000e+04
1.534800000000000000e+04
1.161600000000000000e+04
1.220000000000000000e+03
1.298100000000000000e+04
1.101100000000000000e+04
1.749900000000000000e+04
2.285200000000000000e+04
1.393200000000000000e+04
2.005400000000000000e+04
9.716000000000000000e+03
1.233000000000000000e+03
8.877000000000000000e+03
1.505300000000000000e+04
1.495500000000000000e+04
1.560000000000000000e+04
3.646000000000000000e+03
1.784900000000000000e+04
1.491400000000000000e+04
1.507100000000000000e+04
6.548000000000000000e+03
1.761300000000000000e+04
1.568600000000000000e+04
